1000 4
971 84
976 87
978 83
979 84
981 82
976 82
977 77
976 75
975 75
976 77
971 79
970 75
975 76
972 76
967 72
970 70
972 70
973 70
970 69
970 67
970 62
966 65
968 65
968 61
963 58
961 59
966 62
971 61
974 64
972 65
968 60
970 58
973 61
978 56
975 57
977 52
972 49
973 48
978 47
981 47
985 48
986 48
989 51
986 52
981 55
982 54
982 52
987 53
987 52
991 54
990 52
990 50
985 49
986 51
991 47
989 42
988 41
991 36
996 35
994 37
990 34
989 35
993 36
988 37
992 40
987 43
988 44
986 39
987 35
984 32
983 30
987 28
989 23
992 23
996 24
992 22
995 23
995 20
990 17
994 20
996 18
996 17
1000 20
997 20
997 16
997 17
994 15
989 17
989 12
987 15
988 16
987 11
992 10
990 12
994 13
992 13
994 10
993 13
996 12
992 7
991 10
992 5
990 7
988 5
992 2
993 5
991 8
986 3
981 5
980 5
985 7
985 6
984 7
979 9
979 7
983 9
988 6
987 1
989 3
986 5
982 1
987 2
982 3
987 4
988 1
988 4
990 2
990 5
994 7
989 7
988 10
987 5
989 2
989 1
993 4
988 2
991 3
994 2
993 2
998 4
993 1
996 3
1000 4
999 3
997 1
998 2
999 5
995 1
1000 3
999 1
998 1
997 2
997 5
997 4
997 3
995 3
995 6
993 8
997 9
994 6
998 6
995 2
1000 5
998 7
996 4
991 5
994 5
989 5
985 5
982 5
978 3
980 2
975 2
972 1
971 3
966 2
969 1
971 1
974 1
978 4
980 3
983 2
988 3
990 1
986 4
990 3
991 6
993 9
997 7
1000 7
1000 10
996 5
995 7
995 4
998 3
1000 1
999 2
996 1
993 3
990 4
989 4
991 4
986 7
989 9
988 7
983 8
979 6
976 7
977 9
977 8
973 8
972 6
972 9
971 11
972 8
977 6
980 9
984 10
988 11
986 9
981 11
977 7
972 3
974 4
973 4
971 2
973 3
975 3
975 5
971 5
971 4
975 1
977 1
981 4
980 1
977 2
976 1
974 2
970 4
973 7
969 4
968 2
969 2
969 5
972 4
967 3
972 2
968 1
965 4
960 5
965 1
964 2
966 1
970 2
967 1
964 4
960 6
956 3
959 2
958 4
960 7
964 6
961 9
958 9
962 4
967 6
966 3
961 6
960 9
964 8
959 10
955 11
960 14
956 16
958 16
954 14
956 13
961 11
956 9
952 11
949 10
944 5
942 2
938 3
943 5
942 3
939 1
944 4
946 2
948 1
948 4
946 6
948 9
944 8
949 8
948 5
953 4
956 1
954 4
957 6
955 7
956 4
951 2
946 1
949 1
950 3
947 6
944 6
948 8
951 11
948 7
953 5
951 4
952 3
949 4
944 7
942 4
947 4
952 2
947 5
945 2
949 5
947 1
951 1
953 1
958 3
957 1
961 2
962 2
962 5
958 8
955 4
955 2
960 3
957 4
960 2
963 5
963 6
958 6
958 2
956 2
957 5
955 1
959 4
959 3
964 3
968 3
969 3
968 6
970 7
972 5
971 8
968 8
972 7
973 9
974 8
975 7
974 5
978 1
976 4
976 6
976 3
979 2
975 4
980 4
980 6
978 6
983 3
985 1
985 3
983 4
983 6
982 8
987 9
982 4
982 2
985 2
984 3
986 2
991 1
992 3
994 4
989 6
993 7
996 2
992 1
991 2
986 1
987 3
990 6
994 1
992 4
996 6
994 3
995 5
999 4
998 5
999 8
997 11
992 9
994 11
991 12
989 8
985 8
981 10
977 11
981 6
984 9
987 10
992 6
996 9
992 12
997 10
998 8
1000 9
1000 6
997 6
995 8
992 8
991 9
996 7
999 10
996 10
996 11
994 8
999 6
994 9
999 12
999 11
999 9
1000 12
999 15
994 12
991 11
986 11
983 11
980 10
983 10
978 9
979 11
976 14
977 10
982 6
984 2
981 3
983 5
987 6
985 9
986 6
987 7
986 8
983 7
987 8
982 11
981 9
982 9
980 7
977 5
973 1
973 2
977 4
979 1
979 3
979 5
978 8
980 11
984 11
979 13
981 12
980 8
975 6
975 8
970 10
971 7
970 9
973 5
978 7
974 9
979 10
984 8
981 8
976 11
976 12
972 12
975 14
970 14
966 13
967 14
963 14
968 9
965 11
960 10
958 12
959 12
963 15
967 13
963 8
964 11
959 6
959 5
954 7
957 10
955 13
955 10
950 8
954 11
952 9
951 6
950 2
945 5
950 7
946 8
941 11
936 9
931 8
933 3
934 1
934 2
938 4
936 2
934 5
934 8
936 3
937 1
940 1
943 3
943 1
940 2
945 1
946 3
950 1
955 3
958 5
957 8
961 7
962 7
967 2
968 4
969 6
968 7
966 6
962 1
957 2
962 3
965 6
960 1
965 2
961 3
963 4
961 5
959 1
957 3
954 6
952 6
947 2
944 3
948 3
947 3
949 2
954 2
954 3
955 6
955 8
950 10
946 9
951 5
956 8
952 8
947 7
944 10
949 11
952 14
947 16
946 15
941 15
943 17
945 14
944 11
941 6
946 5
942 7
947 9
943 12
938 9
936 10
939 11
936 6
933 6
933 4
930 1
935 3
936 5
941 1
940 4
935 5
935 7
937 8
934 7
932 8
936 7
936 4
938 2
940 3
941 3
942 1
937 4
938 7
939 4
938 6
943 2
942 5
941 4
942 6
939 8
939 10
942 11
938 13
942 13
938 16
940 18
943 14
941 10
941 13
945 10
944 12
947 15
950 18
953 20
953 23
954 22
957 18
952 18
950 16
948 13
953 14
949 14
948 14
947 14
951 12
947 11
945 8
943 4
939 2
939 3
934 4
937 5
940 7
937 7
942 10
939 5
938 5
941 2
938 1
934 3
935 4
931 2
927 2
931 3
931 1
933 1
932 3
937 6
932 5
932 4
927 7
926 10
921 10
922 12
926 14
921 14
917 14
917 16
915 14
918 16
921 19
923 15
918 10
920 10
917 13
915 12
912 8
913 9
918 11
918 13
922 8
921 4
924 5
920 8
915 11
916 12
916 7
916 6
920 7
915 4
916 1
913 2
908 3
912 3
911 3
911 2
907 2
906 2
908 5
906 6
906 1
904 1
904 2
907 1
904 3
900 4
899 3
904 5
907 5
909 6
904 8
901 4
906 4
904 4
907 3
905 2
903 2
905 1
909 3
911 4
909 5
914 4
912 4
910 3
912 5
916 3
915 2
917 3
919 5
924 7
920 4
918 1
922 1
918 2
920 3
921 5
921 2
917 1
918 4
917 7
920 9
921 8
919 4
915 3
912 2
913 4
914 2
916 4
920 5
925 5
922 3
927 6
923 6
919 6
923 9
927 4
923 5
923 3
919 1
917 4
921 7
924 4
925 7
923 8
928 9
927 10
924 8
928 6
927 1
925 4
930 3
928 2
925 1
926 2
928 5
923 1
922 4
918 3
913 6
916 2
912 1
910 4
907 6
905 3
910 1
914 3
912 6
917 9
919 10
918 9
916 5
921 6
920 1
920 2
925 2
928 3
923 2
921 3
926 5
924 1
924 2
929 1
930 2
931 4
930 6
929 6
926 3
929 2
932 1
928 4
930 7
929 3
928 1
923 4
926 7
924 9
929 9
929 11
929 14
931 13
933 9
937 12
933 10
931 11
934 13
935 15
937 15
939 14
940 12
938 11
937 9
933 8
931 9
933 12
937 10
936 12
937 11
932 7
931 5
927 3
927 5
930 5
925 8
923 7
922 2
921 1
924 3
926 6
926 4
929 4
929 7
934 10
930 11
925 11
924 14
921 16
926 15
931 16
929 16
931 17
929 17
924 19
919 14
923 14
925 9
926 8
926 9
924 10
928 7
929 5
929 8
929 10
927 8
927 11
932 12
937 14
933 17
938 17
937 19
932 20
928 21
923 24
928 22
926 22
928 18
924 15
925 15
925 12
927 14
930 10
928 13
932 13
931 12
933 14
929 13
928 10
924 6
926 1
925 3
922 5
922 7
918 8
913 8
913 10
912 10
914 5
919 2
917 5
913 5
910 6
909 9
910 12
912 12
914 10
915 6
919 7
919 3
920 6
922 6
925 6
921 9
925 10
930 8
928 11
931 14
935 12
938 8
940 5
943 8
941 9
936 8
940 10
942 12
942 15
946 12
948 12
953 11
948 6
951 3
949 6
945 9
941 7
941 5
941 8
940 9
945 11
940 11
941 14
939 9
939 12
944 9
947 8
949 7
950 6
953 7
953 8
953 9
948 11
949 12
948 10
950 5
945 3
943 6
944 2
949 3
948 2
946 4
946 7
951 7
950 4
945 7
942 8
940 6
940 8
943 7
939 7
943 9
945 4
945 6
942 9
946 11
947 12
943 15
938 15
942 18
940 20
936 23
934 26
933 22
931 24
927 27
932 23
933 20
935 21
933 23
934 20
