500 987
206 310
310 206
310 343
206 343
280 206
343 280
280 461
461 280
461 349
206 349
461 367
206 367
153 310
153 343
271 367
461 271
461 322
322 153
321 322
321 206
343 125
125 349
245 321
245 322
491 153
491 461
310 395
395 245
151 271
343 151
151 247
153 247
280 328
328 395
391 280
391 125
280 463
463 328
176 343
176 206
395 272
176 272
206 430
430 463
463 316
316 463
375 153
461 375
8 367
328 8
461 376
376 391
473 343
328 473
473 139
139 100
100 139
403 139
139 403
270 139
139 270
403 301
301 100
156 403
156 270
156 447
447 403
447 40
40 156
26 403
26 403
4 301
139 4
447 152
152 301
102 270
403 102
40 470
470 40
4 484
484 403
270 472
301 472
470 373
373 139
302 472
302 403
139 161
161 102
270 308
308 139
403 320
320 403
180 26
180 301
181 373
181 161
139 199
199 139
180 347
347 484
26 314
314 373
472 284
270 284
199 198
181 198
16 308
152 16
476 347
476 161
197 308
472 197
240 403
240 181
45 476
45 447
26 317
317 161
318 308
314 318
198 47
47 347
104 40
104 16
347 296
40 296
314 96
96 26
302 443
443 100
47 201
484 201
171 373
156 171
382 302
100 382
71 347
156 71
284 150
4 150
16 164
102 164
149 198
149 373
252 149
252 149
180 293
317 293
385 150
385 181
190 317
190 164
460 4
460 284
43 302
43 314
192 47
314 192
53 171
180 53
73 301
73 293
164 54
161 54
273 201
273 152
402 192
402 104
246 447
246 476
208 73
208 104
104 145
145 149
147 152
147 382
4 464
53 464
434 472
73 434
40 485
485 198
201 478
478 156
154 45
434 154
435 181
435 149
117 460
403 117
334 240
334 485
16 278
278 317
465 26
16 465
291 278
291 373
17 4
17 484
246 324
434 324
17 410
410 102
180 432
432 435
465 362
362 4
320 433
433 373
150 276
276 117
301 179
179 43
45 222
222 293
230 53
476 230
26 11
11 443
460 495
495 373
350 410
350 302
317 372
372 410
59 372
59 96
1 54
460 1
53 307
350 307
197 359
47 359
35 154
149 35
303 276
303 372
495 424
291 424
363 96
363 270
496 385
496 230
484 135
135 180
356 11
201 356
363 177
1 177
119 71
347 119
350 49
465 49
2 47
181 2
211 432
211 320
7 145
7 296
102 188
49 188
484 120
120 43
302 244
244 161
145 415
415 156
233 117
139 233
167 16
167 432
496 268
135 268
237 435
120 237
448 230
448 485
74 96
74 476
429 484
429 296
353 149
460 353
252 215
403 215
213 96
213 317
70 71
415 70
317 426
426 485
208 80
7 80
466 476
7 466
52 222
52 1
11 88
88 270
353 217
201 217
136 320
136 301
154 263
466 263
318 418
435 418
45 250
120 250
156 401
4 401
410 36
36 147
183 402
183 80
104 108
415 108
433 352
201 352
127 352
127 213
171 32
4 32
100 368
368 11
496 255
255 324
386 314
386 252
181 234
192 234
19 164
19 7
202 433
353 202
359 482
11 482
9 36
9 190
485 309
309 415
83 482
83 465
179 281
281 52
244 114
448 114
188 477
477 11
466 436
59 436
464 42
309 42
482 105
401 105
104 60
215 60
483 284
483 164
233 311
470 311
146 320
146 433
145 90
90 488
90 488
277 90
277 90
277 143
143 90
277 87
143 87
275 90
143 275
30 87
143 30
31 143
31 90
30 170
277 170
170 326
326 90
170 224
224 87
500 143
87 500
439 170
439 275
422 170
90 422
76 31
76 439
87 489
489 277
239 489
90 239
439 55
55 31
489 144
144 170
224 196
439 196
132 76
488 132
132 131
131 31
229 170
229 439
439 140
140 144
488 122
122 170
326 342
342 196
13 326
13 55
144 162
162 422
126 224
144 126
58 422
58 122
196 75
140 75
170 191
191 76
251 75
170 251
445 144
191 445
58 274
30 274
313 275
75 313
342 346
346 422
427 275
140 427
205 76
205 239
419 132
419 13
326 449
449 277
229 344
229 344
162 99
99 55
186 132
76 186
132 209
209 449
427 411
342 411
87 242
242 445
30 15
15 275
28 422
422 28
370 411
488 370
445 219
346 219
440 370
99 440
313 330
140 330
342 97
97 131
122 405
274 405
326 490
490 489
369 132
369 75
12 55
439 12
116 55
116 28
445 497
497 55
422 454
454 90
87 479
488 479
408 326
408 479
242 37
37 239
242 444
118 444
444 118
226 444
118 226
226 498
118 498
226 332
226 332
444 457
226 457
444 438
498 438
283 498
457 283
417 226
226 417
444 374
374 226
184 457
184 438
159 457
438 159
133 498
133 332
241 133
226 241
169 226
169 374
444 442
442 159
241 182
159 182
469 417
469 169
174 182
174 159
159 6
182 6
469 380
182 380
469 467
467 174
412 169
412 457
184 48
48 182
264 498
412 264
210 444
417 210
438 335
442 335
56 283
56 380
457 111
335 111
50 241
498 50
279 283
279 169
227 457
498 227
264 397
397 133
182 81
81 184
50 354
469 354
225 442
469 225
469 358
227 358
115 111
115 332
417 85
417 85
499 374
241 499
421 442
457 421
462 335
462 89
462 89
462 259
89 259
355 462
89 355
462 285
259 285
89 384
384 355
462 416
416 355
355 25
384 25
287 285
25 287
416 333
287 333
481 355
333 481
287 409
409 25
297 409
384 297
381 259
381 89
130 89
130 25
65 481
65 355
481 414
285 414
336 130
336 65
258 336
258 259
25 160
160 481
455 462
455 160
232 384
232 414
25 155
155 414
258 200
416 200
258 453
453 455
456 258
200 456
336 67
65 67
378 287
481 378
462 299
481 299
384 400
400 287
20 232
20 194
194 20
103 194
103 20
295 194
295 398
398 295
165 398
398 165
312 295
312 165
398 392
392 398
398 109
312 109
341 398
341 109
295 393
165 393
383 393
383 165
492 383
492 383
165 366
312 366
286 383
286 366
325 392
398 325
61 383
398 61
286 166
166 392
295 41
394 41
394 41
228 394
228 41
95 228
228 95
110 394
95 110
95 163
163 41
41 267
228 267
163 390
267 390
95 338
95 338
163 34
34 394
94 110
163 94
163 306
110 306
94 396
396 267
77 394
394 77
77 487
487 338
396 218
218 253
218 253
187 253
187 253
187 379
379 253
361 187
379 361
5 218
5 218
187 235
235 218
14 379
14 5
235 428
187 428
371 428
235 371
243 218
243 379
5 107
107 218
92 428
92 243
107 475
5 475
243 340
340 235
92 399
5 399
304 235
304 379
204 304
243 204
203 187
203 371
304 178
178 371
218 345
379 345
304 98
98 235
66 379
66 107
204 223
223 361
18 399
304 18
235 84
218 84
92 29
29 361
46 187
84 46
178 51
204 51
340 266
345 266
371 413
66 413
93 46
93 475
92 437
178 437
379 134
134 223
18 254
29 254
235 148
253 148
129 235
129 345
134 168
29 168
107 329
329 137
137 329
44 329
44 425
425 44
72 44
72 44
106 72
106 425
425 38
106 38
91 44
91 38
106 3
3 44
323 38
323 44
319 425
319 323
425 216
216 106
257 72
257 72
112 216
112 216
425 441
319 441
138 441
91 138
404 38
323 404
365 138
216 365
193 3
193 138
441 128
128 44
249 365
319 249
189 112
189 128
474 128
474 249
257 327
323 327
106 389
257 389
38 298
298 257
78 319
441 78
216 486
486 365
248 72
248 72
216 493
493 38
315 128
315 78
365 79
79 138
331 323
248 331
142 425
142 441
21 331
44 21
458 404
458 248
300 425
138 300
91 451
451 44
387 257
300 387
305 249
305 44
112 63
189 63
91 256
441 256
38 288
441 288
389 265
265 138
300 459
256 459
64 425
64 474
265 212
212 249
431 212
142 431
141 300
474 141
300 231
231 78
44 23
23 451
425 68
68 91
214 425
68 214
265 158
158 212
480 387
21 480
425 450
450 431
57 493
441 57
327 452
452 404
44 292
21 292
450 185
185 189
423 387
257 423
406 112
106 406
22 112
423 22
33 68
33 262
33 262
262 27
27 33
27 364
27 364
262 407
407 27
282 262
262 282
101 27
33 101
27 468
33 468
360 282
101 360
377 262
407 377
269 282
269 468
294 27
294 360
101 446
446 360
294 82
101 82
294 238
364 238
24 377
24 446
62 282
27 62
24 173
173 262
471 446
24 471
360 351
351 377
468 172
172 377
39 24
39 407
82 121
82 121
62 10
10 82
388 101
121 388
262 261
261 24
282 357
357 294
494 282
172 494
175 388
175 82
289 360
289 282
269 420
261 420
62 348
172 348
121 260
377 260
236 351
471 236
123 294
123 360
221 175
221 238
123 195
195 123
24 220
220 39
123 339
339 238
69 282
69 82
220 124
39 124
290 377
339 290
121 157
172 157
337 175
337 27
33 207
207 123
121 86
86 260
113 207
113 407
100
122 285
177 244
344 18
415 101
140 158
343 282
50 137
75 23
200 389
135 42
180 332
187 214
429 193
478 64
156 414
342 68
33 82
474 289
226 335
96 401
387 290
152 166
83 285
244 163
200 357
359 371
40 94
470 243
342 299
150 497
358 331
230 25
367 434
19 50
156 197
130 235
466 23
490 226
252 172
427 387
276 66
472 141
171 119
274 155
293 163
59 455
257 21
273 366
318 455
150 94
246 451
176 333
184 130
61 112
58 413
361 148
233 413
85 289
4 277
255 218
168 63
382 147
8 177
8 485
434 110
181 68
111 112
197 170
470 493
75 332
95 249
200 158
155 94
15 298
270 202
349 391
426 455
197 298
329 452
80 406
488 438
476 14
482 195
338 189
61 379
100 493
417 236
426 134
461 468
115 173
132 360
302 73
465 446
97 437
87 305
67 106
104 466
230 123
45 389
322 198
