NOW: 1
  SUM: YES
    1 
    1 
    0 
  MUL: YES
    1 
    1 
    0 
--------------------------
NOW: 2
  SUM: YES
    2 1 
    2 3 
    0 1 
  MUL: YES
    1 2 
    1 2 
    1 0 
--------------------------
NOW: 3
  SUM: NO
  MUL: YES
    1 2 3 
    1 2 6 
    1 2 0 
--------------------------
NOW: 4
  SUM: YES
    4 1 2 3 
    4 5 7 10 
    0 1 3 2 
  SUM: YES
    4 3 2 1 
    4 7 9 10 
    0 3 1 2 
  MUL: YES
    1 3 2 4 
    1 3 6 24 
    1 3 2 0 
--------------------------
NOW: 5
  SUM: NO
  MUL: YES
    1 2 4 3 5 
    1 2 8 24 120 
    1 2 3 4 0 
  MUL: YES
    1 3 4 2 5 
    1 3 12 24 120 
    1 3 2 4 0 
--------------------------
NOW: 6
  SUM: YES
    6 1 4 3 2 5 
    6 7 11 14 16 21 
    0 1 5 2 4 3 
  SUM: YES
    6 2 5 3 1 4 
    6 8 13 16 17 21 
    0 2 1 4 5 3 
  SUM: YES
    6 4 1 3 5 2 
    6 10 11 14 19 21 
    0 4 5 2 1 3 
  SUM: YES
    6 5 2 3 4 1 
    6 11 13 16 20 21 
    0 5 1 4 2 3 
  MUL: NO
--------------------------
NOW: 7
  SUM: NO
  MUL: YES
    1 2 5 6 3 4 7 
    1 2 10 60 180 720 5040 
    1 2 3 4 5 6 0 
  MUL: YES
    1 3 4 6 2 5 7 
    1 3 12 72 144 720 5040 
    1 3 5 2 4 6 0 
  MUL: YES
    1 4 3 6 5 2 7 
    1 4 12 72 360 720 5040 
    1 4 5 2 3 6 0 
  MUL: YES
    1 5 2 6 4 3 7 
    1 5 10 60 240 720 5040 
    1 5 3 4 2 6 0 
--------------------------
NOW: 8
  SUM: YES
    8 1 2 3 4 5 6 7 
    8 9 11 14 18 23 29 36 
    0 1 3 6 2 7 5 4 
  SUM: YES
    8 1 5 7 6 4 3 2 
    8 9 14 21 27 31 34 36 
    0 1 6 5 3 7 2 4 
  SUM: YES
    8 1 6 3 4 5 2 7 
    8 9 15 18 22 27 29 36 
    0 1 7 2 6 3 5 4 
  SUM: YES
    8 1 6 4 3 7 5 2 
    8 9 15 19 22 29 34 36 
    0 1 7 3 6 5 2 4 
  SUM: YES
    8 2 1 3 7 4 6 5 
    8 10 11 14 21 25 31 36 
    0 2 3 6 5 1 7 4 
  SUM: YES
    8 2 3 4 6 7 5 1 
    8 10 13 17 23 30 35 36 
    0 2 5 1 7 6 3 4 
  SUM: YES
    8 2 5 7 3 4 6 1 
    8 10 15 22 25 29 35 36 
    0 2 7 6 1 5 3 4 
  SUM: YES
    8 2 7 4 6 3 1 5 
    8 10 17 21 27 30 31 36 
    0 2 1 5 3 6 7 4 
  SUM: YES
    8 3 2 1 4 7 6 5 
    8 11 13 14 18 25 31 36 
    0 3 5 6 2 1 7 4 
  SUM: YES
    8 3 2 4 1 5 7 6 
    8 11 13 17 18 23 30 36 
    0 3 5 1 2 7 6 4 
  SUM: YES
    8 3 6 1 4 7 2 5 
    8 11 17 18 22 29 31 36 
    0 3 1 2 6 5 7 4 
  SUM: YES
    8 3 7 5 2 4 1 6 
    8 11 18 23 25 29 30 36 
    0 3 2 7 1 5 6 4 
  SUM: YES
    8 5 1 3 6 4 7 2 
    8 13 14 17 23 27 34 36 
    0 5 6 1 7 3 2 4 
  SUM: YES
    8 5 2 7 4 1 6 3 
    8 13 15 22 26 27 33 36 
    0 5 7 6 2 3 1 4 
  SUM: YES
    8 5 6 4 7 3 1 2 
    8 13 19 23 30 33 34 36 
    0 5 3 7 6 1 2 4 
  SUM: YES
    8 5 6 7 4 1 2 3 
    8 13 19 26 30 31 33 36 
    0 5 3 2 6 7 1 4 
  SUM: YES
    8 6 1 4 2 5 7 3 
    8 14 15 19 21 26 33 36 
    0 6 7 3 5 2 1 4 
  SUM: YES
    8 6 3 1 5 4 2 7 
    8 14 17 18 23 27 29 36 
    0 6 1 2 7 3 5 4 
  SUM: YES
    8 6 5 4 2 1 3 7 
    8 14 19 23 25 26 29 36 
    0 6 3 7 1 2 5 4 
  SUM: YES
    8 6 7 5 1 4 2 3 
    8 14 21 26 27 31 33 36 
    0 6 5 2 3 7 1 4 
  SUM: YES
    8 7 2 4 5 1 3 6 
    8 15 17 21 26 27 30 36 
    0 7 1 5 2 3 6 4 
  SUM: YES
    8 7 2 5 4 3 6 1 
    8 15 17 22 26 29 35 36 
    0 7 1 6 2 5 3 4 
  SUM: YES
    8 7 3 1 2 4 5 6 
    8 15 18 19 21 25 30 36 
    0 7 2 3 5 1 6 4 
  SUM: YES
    8 7 6 5 4 3 2 1 
    8 15 21 26 30 33 35 36 
    0 7 5 2 6 1 3 4 
  MUL: NO
--------------------------
NOW: 9
  SUM: NO
  MUL: NO
--------------------------
