499000 0 1
499000 0 1
499000 0 1
499000 0 1
499000 0 1
499000 0 1
499000 0 1
499000 0 1
499000 0 1
499000 0 1
499000 0 483467
499000 0 499000
499000 0 499000
499000 0 499000
499000 0 499000
499000 0 499000
499000 0 499000
499000 0 499000
499001 499000 1
499001 499000 1
499001 499000 1
499001 499000 1
499001 499000 1
499001 499000 1
499001 499000 1
499001 499000 1
499001 499000 39249
499001 499000 127034
499001 499000 444945
499001 499000 499001
499001 499000 499001
499001 499...

1 0 1
1 0 1
1 0 1
1 0 1
1 0 1
1 0 1
1 0 1
1 0 1
1 0 1
1 0 1
483467 0 483467
499000 0 499000
499000 0 499000
499000 0 499000
499000 0 499000
499000 0 499000
499000 0 499000
499000 0 499000
499001 499000 1
499001 499000 1
499001 499000 1
499001 499000 1
499001 499000 1
499001 499000 1
499001 499000 1
499001 499000 1
538249 499000 39249
626034 499000 127034
943945 499000 444945
998001 499000 499001
998001 499000 499001
998001 499000 499001
998001 499000 499001
998001 499000 49...

1
1
1
1
1
1
1
1
1
1
483467
499000
499000
499000
499000
499000
499000
499000
499001
499001
499001
499001
499001
499001
499001
499001
538249
626034
943945
998001
998001
998001
998001
998001
998001
998002
998002
998002
998002
998002
998002
998002
998002
998002
1049546
1449662
1497003
1497003
1497003
1497003
1497003
1497003
1497003
1497003
1497004
1497004
1497004
1497004
1497004
1497004
1497004
1589409
1751009
1957275
1996006
1996006
1996006
19...